43
0
1 0
0
0
3 0
0
0
3 6 1 7 4 5 2 0
7 6 5 0
2 4 6 5 3 8 0
1 2 10 6 3 9 0
2 1 4 5 7 9 8 6 10 3 11 0
3 11 9 4 2 1 7 10 8 5 0
1 8 4 10 6 11 2 7 12 9 5 0
0
8 7 13 1 6 9 4 0
9 10 12 13 0
13 0
12 10 16 17 7 2 8 9 11 0
15 9 18 4 10 13 19 5 6 17 7 1 11 8 14 0
20 19 5 13 8 17 11 16 0
1 11 13 18 0
16 22 12 9 2 15 13 6 7 8 4 14 21 20 5 17 0
1 6 11 13 22 16 7 2 0
23 5 21 14 24 0
18 3 23 4 9 24 17 11 22 12 16 25 0
13 19 11 2 18 21 8 1 16 20 5 9 23 4 6 25 12 17 22 15 14 10 3 0
22 4 27 0
21 22 24 5 2 14 25 12 26 18 7 17 6 10 15 23 20 19 16 11 1 27 3 8 4 0
18 29 16 5 19 21 9 26 1 20 12 10 27 7 8 4 3 17 6 24 0
22 7 0
24 14 10 4 0
27 15 9 7 30 28 32 17 13 10 18 11 29 8 1 20 3 16 21 0
13 10 33 24 16 28 5 1 31 15 22 17 19 29 6 23 18 4 12 20 27 8 11 14 32 2 0
6 0
3 19 4 10 7 11 1 25 33 27 12 6 35 34 29 15 2 0
33 13 23 18 1 16 7 34 9 28 15 24 17 30 8 26 11 12 27 2 20 6 25 32 21 5 0
2 36 28 37 7 25 19 14 26 5 20 16 23 13 11 0
11 17 38 1 23 19 15 25 27 12 2 30 29 37 0
19 39 15 32 33 36 11 31 0
8 33 25 34 11 38 4 7 2 5 30 17 15 39 37 9 35 21 27 26 1 13 29 32 16 22 6 0
1 0
7 41 38 37 3 36 0
