24
0 -4 -4 0 -3 7 -5 -7 -3 -8 -8 -1 8 8 -8 7 6 -4 2 8 5 5 2 1
0 1 -3 6 -6 -6 -6 8 4 8 -8 7 1 -3 5 -4 5 -6 -7 0 -8 0 2 -2
0 1 8 2 4 -6 -8 6 0 8 6 8 8 -2 0 2 6 -7 -4 0 -1 3 3 -6
0 8 -6 3 -1 4 7 -7 -1 1 -3 1 -4 6 -3 3 -4 3 6 8 7 2 8 1
0 6 -3 -8 -4 -5 -8 -6 -8 -4 4 2 8 4 0 -3 -8 4 -6 -7 -5 -6 0 6
0 -1 -6 -8 -6 -1 3 -2 -3 -8 4 7 -5 1 3 8 -6 5 1 -4 -8 -8 -2 7
0 -8 7 -2 -1 3 3 4 1 2 -5 5 -3 -6 -1 -5 -8 2 -5 -3 2 -5 7 0
0 4 4 6 6 -3 -5 7 -3 -8 7 0 4 2 8 8 2 -7 5 -1 7 4 -7 -8
0 2 -3 -5 4 4 -1 4 4 -1 7 8 5 5 8 -4 -6 7 6 -7 -7 -2 3 -7
0 1 5 4 -1 -4 -1 0 3 -2 4 -8 -7 -8 -5 -1 0 0 -7 -1 -6 -8 0 3
0 8 -2 -4 1 3 -5 4 -7 -5 -4 -5 -1 -8 1 3 -6 8 5 1 -4 8 6 7
0 5 5 -8 -1 -2 -1 2 -5 3 -3 -5 5 -6 -3 -4 0 -3 -4 7 1 2 8 5
0 6 -2 -7 6 2 1 -4 1 -4 8 7 6 7 1 -8 -6 4 -5 0 4 6 -2 7
0 6 8 -5 6 -1 8 1 -3 1 -6 2 -4 -1 8 4 5 6 -3 4 6 -3 8 -3
0 4 0 -3 2 0 6 -5 2 -6 8 8 -5 5 -6 4 6 5 -4 2 3 -2 7 -3
0 -7 -6 -5 6 3 4 5 -1 2 6 -3 3 3 -4 5 -3 3 3 2 4 -2 1 -2
0 -6 -2 7 2 8 8 8 7 2 7 -1 8 5 -3 2 -7 7 6 -1 0 3 -3 -1
0 7 5 4 7 8 3 -6 8 3 -3 -4 -4 0 2 2 8 -6 2 3 -6 5 8 0
0 5 -1 2 5 -3 -1 -6 -5 -7 -2 -1 8 -6 -2 -6 -8 -2 -8 -6 2 8 -7 7
0 1 -8 -4 -7 4 6 4 8 -7 -8 2 -4 7 -3 0 6 -1 -5 -1 -4 -2 7 -6
0 4 -1 -8 4 8 4 -4 8 -4 -3 -4 -4 8 2 1 4 -5 -1 7 7 -7 -3 3
0 5 -5 1 -3 2 -6 -5 -1 6 -6 -3 5 -6 2 -8 2 -1 -4 2 5 7 -8 -8
0 3 5 2 4 3 8 -4 1 3 8 3 3 4 -3 -2 7 2 -6 -7 -7 1 -2 6
0 1 -2 -5 0 5 -8 -6 -7 5 0 8 -3 -7 7 5 4 4 -4 6 6 0 0 -5
