40
1 1 1 2 0 1 -1 2 2 0 2 -2 -1 -2 -2 -2 -1 0 1 -1 5 4 -4 9 -9 0 -16 3 -8 -1 17 11 15 10 -11 3 -13 11 -10 6
0 1 0 0 0 0 0 0 0 0 0 0 0 0 0 0 0 0 0 0 1 1 2 -1 2 2 -1 0 0 1 2 -2 1 1 0 -1 1 2 -2 2
0 0 1 0 0 0 0 0 0 0 0 0 0 0 0 0 0 0 0 0 -1 -2 -2 -1 -1 2 -2 2 2 1 2 -1 2 1 0 0 0 0 2 0
0 0 0 1 0 0 0 0 0 0 0 0 0 0 0 0 0 0 0 0 0 -1 -1 0 2 0 -2 1 2 -1 2 2 1 -2 1 1 -1 2 2 1
0 0 0 0 1 0 0 0 0 0 0 0 0 0 0 0 0 0 0 0 0 0 -1 0 2 2 1 -2 -1 2 0 0 0 -2 0 2 0 1 2 -2
0 0 0 0 0 1 0 0 0 0 0 0 0 0 0 0 0 0 0 0 -1 2 0 2 1 1 0 2 -2 -2 1 -2 2 1 2 -1 1 -1 1 -2
0 0 0 0 0 0 1 0 0 0 0 0 0 0 0 0 0 0 0 0 2 -1 1 2 0 -2 1 -2 0 -2 2 -2 1 -2 -1 -2 2 -2 -1 2
0 0 0 0 0 0 0 1 0 0 0 0 0 0 0 0 0 0 0 0 1 1 1 0 1 -2 -1 2 1 0 -1 2 2 2 -2 1 -1 2 -1 0
0 0 0 0 0 0 0 0 1 0 0 0 0 0 0 0 0 0 0 0 1 0 0 2 -1 2 -2 -2 -2 -1 1 2 -2 -2 -1 -1 -1 2 1 2
0 0 0 0 0 0 0 0 0 1 0 0 0 0 0 0 0 0 0 0 1 1 2 0 -1 2 -2 2 1 -1 1 2 2 0 1 -1 1 1 0 -1
0 0 0 0 0 0 0 0 0 0 1 0 0 0 0 0 0 0 0 0 0 -2 1 1 -2 1 2 1 -1 -2 1 1 2 0 -2 -1 -1 0 -2 -1
0 0 0 0 0 0 0 0 0 0 0 1 0 0 0 0 0 0 0 0 -2 -1 1 0 2 1 1 2 2 1 -2 0 -1 -2 1 0 2 1 1 1
0 0 0 0 0 0 0 0 0 0 0 0 1 0 0 0 0 0 0 0 1 -2 1 -2 0 1 -2 0 2 -2 -2 1 -1 -1 0 -2 1 2 1 2
0 0 0 0 0 0 0 0 0 0 0 0 0 1 0 0 0 0 0 0 1 -1 0 2 1 2 1 1 2 -2 -2 -1 1 0 0 -2 -1 1 2 -2
0 0 0 0 0 0 0 0 0 0 0 0 0 0 1 0 0 0 0 0 0 -1 -1 -1 2 2 1 -1 2 -2 -1 1 -2 -1 1 -1 2 2 1 -1
0 0 0 0 0 0 0 0 0 0 0 0 0 0 0 1 0 0 0 0 -2 1 2 -1 0 0 -1 2 -2 2 2 0 0 0 0 2 -2 -2 2 1
0 0 0 0 0 0 0 0 0 0 0 0 0 0 0 0 1 0 0 0 -1 -1 1 -1 2 0 2 0 -2 -1 0 0 2 0 2 -2 0 -2 0 -2
0 0 0 0 0 0 0 0 0 0 0 0 0 0 0 0 0 1 0 0 -2 2 2 -1 0 0 -1 -1 2 2 -1 -1 -2 -1 2 -2 0 -1 2 0
0 0 0 0 0 0 0 0 0 0 0 0 0 0 0 0 0 0 1 0 0 -1 0 2 1 2 -1 2 -2 -2 0 0 1 2 0 1 0 2 -2 0
0 0 0 0 0 0 0 0 0 0 0 0 0 0 0 0 0 0 0 1 1 0 0 -1 1 1 1 0 -2 -1 -2 0 -1 0 -1 2 1 1 -1 0
-1 -2 0 1 0 2 -1 -1 1 -1 1 2 0 -1 -1 -2 -1 -1 0 1 -1 -5 -13 10 -4 1 4 4 -5 -8 -4 3 -4 -6 1 8 4 5 -1 -3
0 -1 -1 -1 -2 -1 1 1 -1 0 -2 -1 0 1 0 0 0 2 0 -2 0 5 6 0 -5 -18 -3 -4 13 3 -7 -4 -5 5 4 -11 -2 -11 1 2
-2 2 0 2 -1 -1 0 2 2 1 -2 -1 -1 0 0 1 2 0 -2 -1 6 9 6 -4 5 -8 -14 0 4 5 18 7 5 -2 5 0 -6 5 2 7
-2 2 2 2 0 2 0 2 0 2 1 1 1 2 2 0 1 -1 2 0 6 -10 2 8 16 23 -10 28 11 -24 10 3 24 6 7 -5 8 26 0 -8
1 -2 2 -2 1 2 0 1 0 2 -2 -1 -1 2 2 0 2 2 2 0 -7 6 -1 5 9 15 -1 7 0 -6 -9 -4 8 9 14 -11 3 -5 17 -24
0 0 1 0 -1 -1 0 1 1 1 2 -1 -1 -2 1 -1 -2 -1 -2 2 10 -1 -5 -4 -15 -2 -2 -4 1 -2 6 12 -2 1 -16 7 1 7 -12 6
-1 0 -2 -1 -2 0 -1 -2 0 1 1 -1 -1 0 0 2 -2 0 -2 0 -1 12 6 0 -18 -6 3 -1 -6 4 6 -1 -10 1 -1 3 -5 -11 -5 1
-2 2 2 2 -1 2 -1 -2 1 -2 -2 1 0 0 2 0 2 0 -1 0 -9 -3 -11 -6 16 11 -4 3 5 -2 11 -12 -5 -6 21 -4 9 4 13 1
1 2 1 1 1 0 1 -2 1 -2 1 -2 -1 0 -1 -1 -1 2 -1 0 1 2 -4 2 -4 3 -1 -20 -1 9 13 -13 -4 -7 -3 -7 -5 -6 4 7
1 2 -2 0 -2 1 1 0 1 -1 -2 -1 -2 -2 0 0 -2 2 2 2 2 21 7 5 4 -7 -8 -9 -15 5 3 -9 -14 7 -1 5 4 0 -14 17
0 0 1 -2 2 0 2 2 -1 1 0 1 0 -1 -1 -2 -2 1 1 -1 5 3 2 6 -4 -4 -2 -1 9 7 -1 -6 6 3 -7 0 10 3 -8 1
0 1 -1 -2 2 1 0 -2 0 1 2 2 0 -2 0 -1 -1 -2 2 1 2 -4 1 7 0 16 11 0 -19 -5 0 -2 0 -1 -4 7 14 7 -18 -2
-1 -1 2 -2 -2 -1 -2 1 -2 2 -1 2 2 0 1 0 2 0 -1 -1 -9 -6 4 -19 -3 0 -3 19 22 3 -14 5 4 9 11 -8 8 -1 4 -7
0 0 -1 -1 0 0 2 0 2 1 -1 1 -2 2 0 2 2 0 -2 2 2 7 11 6 6 0 11 -6 -12 0 0 -4 -2 -10 1 -5 1 -12 7 -2
-2 1 -1 2 1 1 -2 -2 1 1 2 0 -2 0 0 2 0 -2 2 0 -3 0 -3 12 2 17 0 14 -22 -6 21 5 9 1 5 18 -8 9 -6 -9
0 -2 0 2 -1 -1 1 1 0 1 -1 0 -2 2 -2 -1 -1 -2 1 0 10 -4 -9 17 -4 -10 -3 9 4 -8 2 7 12 3 -8 10 -8 3 -3 -1
-2 -2 0 -1 0 0 -1 1 1 2 2 -1 2 1 -1 2 1 0 -2 2 4 -1 8 -4 -15 1 -1 9 -7 -8 -3 12 4 -1 -5 2 -7 -2 3 -9
2 0 -1 2 -1 -1 0 2 0 -1 -2 0 -1 -1 1 -2 -1 2 0 1 1 8 -2 -6 11 -11 -6 -10 14 6 -13 8 -13 -2 -1 1 1 10 2 10
1 2 1 0 2 2 -2 -2 0 0 -2 1 -2 -2 1 1 1 2 2 2 -19 14 0 -9 20 22 -3 2 -16 18 3 -11 -7 2 19 11 7 0 11 -6
1 0 0 0 0 0 0 0 0 0 0 0 0 0 0 0 0 0 0 0 -1 0 1 -1 1 1 0 -1 0 1 -2 1 0 0 -1 -2 -1 -1 2 1
