84
0
0
1 2 0
0
1 0
2 4 1 3 5 0
2 1 4 5 3 0
5 4 0
4 7 8 3 5 1 2 0
7 8 3 9 2 0
1 9 8 0
0
6 5 11 7 2 1 9 8 12 10 0
1 13 4 10 7 9 12 3 5 2 11 6 8 0
0
14 3 2 9 10 8 7 0
5 6 0
14 0
9 11 18 4 16 1 15 0
17 5 16 19 3 18 14 1 4 0
1 17 4 13 19 11 2 8 6 20 0
17 18 13 3 5 11 7 0
21 9 10 22 1 17 20 15 19 11 18 14 13 8 0
13 3 16 23 2 20 18 21 14 22 19 15 9 10 1 4 12 17 0
17 0
8 9 1 23 5 19 3 12 11 6 15 17 13 21 10 24 2 18 25 16 22 14 4 7 0
26 2 18 11 1 16 23 24 19 13 5 3 0
24 3 5 4 17 20 1 12 11 14 22 10 25 18 13 19 0
27 26 14 7 23 13 11 1 3 19 9 16 10 8 20 22 25 24 6 18 21 0
28 7 16 4 19 11 22 6 21 20 24 9 0
0
22 10 31 25 29 2 24 27 1 15 7 18 12 28 8 13 4 0
2 15 27 20 3 23 22 25 10 9 8 13 31 18 16 5 32 30 1 4 19 7 29 0
9 8 29 14 15 28 21 13 5 1 27 12 3 6 23 18 22 4 0
34 9 22 4 18 5 13 8 20 21 31 19 25 32 10 23 1 28 14 24 0
29 6 3 5 24 31 8 35 21 11 1 23 2 0
5 36 22 28 6 30 15 1 32 34 33 9 18 13 24 23 19 7 4 0
19 36 35 0
29 14 21 3 2 18 11 38 32 7 19 4 0
2 4 7 31 0
22 5 12 2 30 21 1 9 36 39 31 27 16 11 23 0
7 26 33 16 32 12 8 4 41 18 35 25 38 14 20 34 2 37 17 36 15 29 3 0
10 42 13 34 24 32 40 28 37 1 26 4 14 19 39 23 6 38 0
12 11 4 5 30 0
28 16 6 3 11 1 0
33 36 28 1 40 2 7 42 32 23 3 0
6 18 28 25 0
8 38 39 36 47 21 37 17 22 29 18 24 33 2 31 40 23 46 3 10 5 4 19 27 26 34 44 15 45 6 35 41 30 9 16 28 7 11 43 42 25 13 20 0
7 21 22 24 4 37 5 45 42 3 18 13 20 10 34 36 41 23 40 8 46 44 16 17 32 47 12 48 14 33 35 39 29 30 38 9 27 0
37 47 15 23 44 32 49 39 0
36 31 0
35 31 45 29 3 37 22 16 50 44 8 48 25 9 2 43 26 14 18 20 13 17 40 32 6 7 49 4 0
14 4 46 13 43 35 31 27 20 19 41 5 21 17 2 44 10 15 24 9 50 18 32 39 29 23 26 36 30 34 28 0
35 24 32 31 9 20 26 14 6 23 15 53 40 7 49 22 30 44 46 13 1 18 17 43 0
34 20 49 15 50 1 44 24 48 9 10 38 41 51 40 31 33 32 29 43 22 3 18 2 53 21 45 4 11 37 19 8 6 39 47 13 54 17 42 52 7 0
14 43 22 6 42 26 7 41 30 18 36 19 21 3 47 8 54 9 25 50 16 1 12 2 5 37 27 34 39 15 29 48 51 52 53 45 0
22 51 17 48 33 45 13 42 53 10 21 4 2 14 9 27 32 28 56 37 34 35 44 39 16 24 0
0
25 42 44 38 50 10 55 49 53 17 52 33 4 20 43 36 54 57 58 11 9 46 7 26 18 29 14 5 28 22 16 8 1 35 6 41 2 45 47 40 37 15 48 32 13 12 27 39 23 19 0
22 34 36 10 57 35 2 32 31 49 45 30 13 15 56 23 38 58 16 0
20 53 54 7 5 55 11 1 51 31 6 16 17 37 38 33 48 3 50 25 30 44 26 41 58 36 22 14 57 18 39 19 49 23 24 60 2 13 52 10 21 0
61 11 22 15 17 29 31 34 52 51 53 6 42 1 40 10 3 13 54 21 12 7 16 4 14 37 5 20 59 24 55 8 9 60 33 43 36 19 32 45 28 44 41 49 46 58 47 38 25 18 2 39 0
18 57 13 39 30 38 22 47 42 24 28 49 6 17 35 12 27 36 4 43 15 41 54 19 25 16 53 8 23 3 40 50 46 61 51 45 14 11 1 60 0
11 38 56 17 5 57 61 30 63 24 32 1 16 41 54 46 55 9 45 53 35 27 44 50 39 59 23 18 42 2 20 25 22 60 3 14 15 31 8 48 4 12 26 52 37 62 34 29 0
31 2 61 50 3 0
24 23 52 15 27 30 18 47 14 12 45 26 40 2 34 48 43 63 36 13 39 49 0
26 31 27 58 49 66 17 54 6 20 16 47 34 45 25 15 65 21 44 14 52 59 33 38 56 40 61 11 42 29 55 35 63 43 1 37 46 39 4 64 3 60 32 30 28 22 62 12 48 24 9 19 0
8 53 24 7 21 50 27 6 30 45 16 39 2 13 22 64 34 62 11 49 42 44 63 32 60 36 46 56 40 37 4 43 35 51 47 23 3 15 33 65 25 59 55 52 29 0
3 30 48 41 16 67 60 56 59 50 25 12 18 28 24 7 4 55 66 1 64 22 27 36 19 14 21 61 13 20 5 2 11 44 52 38 57 46 34 43 68 40 65 17 49 35 32 45 53 10 15 37 39 47 26 23 33 29 9 31 8 42 51 0
69 14 9 16 24 25 18 48 23 63 47 62 10 11 37 51 21 20 64 36 2 50 58 53 6 54 68 42 44 56 17 4 40 59 55 29 46 26 38 8 12 65 39 3 61 0
68 17 55 18 42 43 70 59 38 29 15 11 54 6 47 8 5 2 41 19 49 21 35 12 27 33 4 10 26 44 46 67 62 34 60 7 20 39 24 63 30 69 3 53 58 64 50 22 31 45 56 65 36 25 52 14 40 57 1 16 51 28 0
51 62 4 33 38 5 8 9 56 70 43 47 50 31 55 39 52 34 46 10 11 69 45 54 18 2 3 63 28 48 6 35 58 1 61 36 60 25 22 7 68 14 24 26 15 59 12 16 44 64 57 20 32 65 37 71 42 0
5 21 0
60 0
27 8 69 49 7 59 6 15 45 9 44 30 11 58 39 24 55 19 65 31 74 38 50 10 17 36 0
64 24 8 63 43 29 1 46 7 5 48 20 58 40 39 61 45 21 10 44 74 68 6 9 32 31 65 13 67 73 72 41 36 33 50 25 69 11 22 14 2 15 18 16 12 0
24 59 65 73 5 42 35 20 14 72 22 18 33 3 27 62 1 13 30 45 66 55 10 76 69 51 70 71 16 41 37 63 68 12 25 9 21 50 44 7 17 43 67 54 23 36 39 58 48 31 11 15 60 57 52 49 46 75 29 61 6 19 8 28 2 38 74 26 47 64 34 53 32 56 40 0
14 21 70 37 0
78 38 23 18 65 73 27 67 59 77 64 12 14 56 28 34 42 52 63 9 57 43 19 44 22 11 36 55 1 3 7 53 5 0
32 1 26 64 27 54 63 34 74 79 31 6 77 43 16 65 76 2 24 73 35 41 28 21 40 59 39 23 42 11 46 8 62 13 29 50 25 33 0
37 30 17 54 22 45 56 59 43 3 71 39 53 62 46 70 80 55 32 63 57 75 49 4 0
73 30 36 76 59 68 49 45 41 34 10 22 81 9 51 65 62 53 64 42 63 46 32 1 61 66 25 52 3 0
78 1 57 27 56 6 15 65 37 40 76 67 63 11 64 43 79 41 50 82 29 18 54 36 42 68 10 33 32 22 47 3 77 59 4 71 26 66 9 12 35 7 48 55 75 81 24 38 30 61 74 0
52 71 22 60 44 2 9 27 75 58 21 80 50 66 12 20 10 40 16 15 70 76 35 17 41 8 18 6 65 29 37 33 82 19 78 64 38 7 67 45 72 74 5 3 77 69 25 46 47 61 0
