61
0
1 0
1 2 0
1 0
0
0
5 4 0
7 1 3 4 5 0
1 0
5 2 3 1 0
10 0
9 8 10 11 4 2 5 6 0
7 1 11 4 12 0
2 10 3 9 1 0
7 0
2 13 3 5 15 12 7 4 0
0
13 15 1 17 2 6 9 4 16 10 0
0
9 17 7 14 5 8 13 16 6 2 18 1 3 19 4 15 12 0
5 17 7 20 1 4 15 12 0
8 6 7 19 1 2 4 5 13 16 11 10 18 14 9 21 12 17 15 20 3 0
20 18 9 6 1 17 11 0
20 2 9 1 23 3 7 8 6 13 18 21 4 12 5 14 15 19 17 22 16 11 0
24 14 16 7 12 18 17 1 10 3 23 4 9 22 5 20 15 19 13 6 21 0
6 15 4 5 18 11 20 24 23 8 1 9 22 0
13 10 20 16 5 1 2 11 25 17 4 7 3 23 9 18 0
8 1 10 22 5 2 19 26 21 11 18 25 15 0
9 21 13 26 11 14 19 23 3 25 28 22 17 18 4 5 24 1 6 27 20 12 16 8 7 10 2 0
23 2 25 29 24 28 5 14 7 10 27 6 3 26 15 13 16 11 0
22 3 11 9 6 17 2 24 26 25 16 13 27 5 1 7 19 10 18 23 15 0
6 1 18 27 12 26 4 22 0
30 17 1 3 8 12 0
31 15 25 21 22 9 10 0
11 6 23 16 2 3 5 19 27 29 4 14 25 31 0
32 12 5 11 23 31 4 13 1 7 17 6 20 33 3 19 29 10 2 21 27 15 34 14 22 18 16 28 26 24 8 9 0
28 20 5 27 26 0
28 3 19 7 23 1 8 21 6 0
12 29 22 36 18 24 35 15 16 11 1 7 5 31 32 14 23 34 38 10 26 25 21 19 27 17 20 2 28 13 3 30 6 0
0
23 35 17 15 11 2 3 12 38 0
37 31 30 41 0
39 34 36 14 42 31 30 23 21 18 29 37 11 13 20 24 38 6 33 19 4 10 28 27 12 16 35 0
14 11 34 9 2 20 12 40 37 6 29 4 42 18 38 22 3 23 0
8 30 35 37 26 38 33 14 42 9 41 11 2 6 28 15 22 17 43 7 13 29 31 4 12 39 34 16 1 18 23 44 0
23 17 16 36 25 42 8 40 7 18 2 12 32 20 35 22 0
2 5 3 15 25 10 29 16 17 0
27 21 0
24 31 41 22 3 15 46 7 1 37 33 38 32 29 23 48 42 44 9 34 13 35 36 25 39 18 20 2 5 14 27 21 17 11 45 16 6 43 10 19 40 12 26 28 47 8 0
35 27 32 14 7 47 9 44 13 16 48 12 5 1 17 25 22 40 37 33 36 18 23 20 24 43 0
35 15 12 48 46 32 39 14 36 9 7 3 27 19 6 38 42 18 23 49 24 17 2 34 25 29 22 10 45 1 47 37 30 5 33 16 13 8 21 41 40 31 11 44 50 0
32 14 47 27 36 12 25 13 4 19 9 17 51 30 11 3 39 38 34 50 45 20 41 10 8 6 22 23 44 15 29 2 5 1 48 42 21 46 16 37 35 43 0
51 43 10 52 24 8 6 28 20 31 25 22 11 32 29 3 21 34 38 46 47 18 36 17 23 44 9 13 7 42 48 45 19 40 4 30 35 26 14 5 2 12 1 15 0
1 14 13 16 49 38 31 25 9 44 50 28 36 8 45 5 47 3 15 51 0
11 17 2 42 15 14 50 34 32 9 25 0
27 26 41 37 32 11 49 44 9 8 35 0
1 16 12 54 48 40 19 6 28 37 41 11 35 29 21 56 4 52 23 45 30 17 33 53 15 7 27 36 14 43 51 20 42 26 31 5 55 13 25 46 22 44 32 39 8 38 2 49 24 34 18 3 47 9 50 0
48 43 36 10 44 42 12 25 47 38 6 26 29 23 52 19 15 27 21 37 16 4 0
26 42 38 5 8 6 1 57 53 33 44 58 13 22 12 56 2 52 9 19 49 35 43 51 55 24 27 45 14 39 37 23 47 31 54 48 28 46 20 30 11 16 36 25 10 29 32 4 18 0
42 20 16 26 25 21 57 44 3 4 24 8 55 0
53 45 20 59 29 37 26 50 60 51 52 5 2 9 43 14 13 6 57 56 35 58 27 36 0
